ETITLE:      TS           BOND          ANGLE          DIHED          IMPRP               ELECT            VDW       BOUNDARY           MISC        KINETIC               TOTAL           TEMP      POTENTIAL         TOTAL3        TEMPAVG            PRESSURE      GPRESSURE         VOLUME       PRESSAVG      GPRESSAVG
ENERGY:       0         0.0000         0.0000         0.0000         0.0000          -5460.6261       775.2767         0.0000         0.0000         0.0000          -4685.3494         0.0000     -4685.3494     -4684.5913         0.0000           6516.2625      6528.3401     23823.1240      6516.2625      6528.3401
ENERGY:    5000         0.0000         0.0000         0.0000         0.0000          -5656.6285       480.8669         0.0000         0.0000       898.4539          -4277.3077       285.4309     -5175.7617     -4276.2939       277.4753           -216.6747      -202.1100     23272.8232      -220.6970      -220.7507
ENERGY:   10000         0.0000         0.0000         0.0000         0.0000          -5573.6659       462.0077         0.0000         0.0000       949.5785          -4162.0796       301.6728     -5111.6582     -4159.1577       297.3235           -125.8411      -102.1559     23392.1760      -105.0067      -104.9394
ENERGY:   15000         0.0000         0.0000         0.0000         0.0000          -5646.2861       449.2152         0.0000         0.0000       943.0604          -4254.0105       299.6020     -5197.0709     -4251.1895       301.0196            151.8671       177.4177     22731.5598      -195.8425      -195.8184
ENERGY:   20000         0.0000         0.0000         0.0000         0.0000          -5575.4911       395.4077         0.0000         0.0000      1002.8765          -4177.2069       318.6051     -5180.0834     -4175.7940       301.0300           -393.3842      -367.9410     23148.1604      -251.4582      -251.5926
ENERGY:   25000         0.0000         0.0000         0.0000         0.0000          -5531.4098       375.3097         0.0000         0.0000       992.7421          -4163.3580       315.3854     -5156.1001     -4160.6999       304.6715             36.9273        61.2082     22727.0639      -232.5324      -232.4343
ENERGY:   30000         0.0000         0.0000         0.0000         0.0000          -5613.2688       389.9945         0.0000         0.0000       906.0635          -4317.2108       287.8484     -5223.2743     -4314.4144       300.5903           -403.0814      -383.6987     22254.2117      -177.2402      -177.0553
ENERGY:   35000         0.0000         0.0000         0.0000         0.0000          -5675.1413       452.6407         0.0000         0.0000       924.3356          -4298.1650       293.6533     -5222.5006     -4294.9231       296.0385            403.5713       428.4071     22539.0915      -207.0521      -207.0598
ENERGY:   40000         0.0000         0.0000         0.0000         0.0000          -5582.1073       395.4086         0.0000         0.0000       955.5000          -4231.1986       303.5540     -5186.6986     -4228.0648       302.7134           -196.7253      -175.8508     22871.0506      -251.6853      -251.6740
ENERGY:   45000         0.0000         0.0000         0.0000         0.0000          -5654.7042       393.7159         0.0000         0.0000       946.4647          -4314.5237       300.6835     -5260.9884     -4311.6031       299.7836           -592.6037      -570.8878     22729.3839      -207.5775      -207.5761
ENERGY:   50000         0.0000         0.0000         0.0000         0.0000          -5649.9505       424.0280         0.0000         0.0000       918.5069          -4307.4157       291.8016     -5225.9226     -4304.7684       294.5223            202.0632       236.3292     22626.3950      -186.8750      -186.9067
ENERGY:   55000         0.0000         0.0000         0.0000         0.0000          -5665.2029       440.0632         0.0000         0.0000       932.2486          -4292.8910       296.1672     -5225.1396     -4291.7971       297.5968            277.8462       302.5766     22753.0879      -254.6021      -254.5856
ENERGY:   60000         0.0000         0.0000         0.0000         0.0000          -5558.1517       398.7702         0.0000         0.0000       938.8318          -4220.5498       298.2586     -5159.3815     -4218.9832       303.5007           -264.2629      -248.9338     22815.5662      -191.3023      -191.1762
ENERGY:   65000         0.0000         0.0000         0.0000         0.0000          -5538.8634       343.6745         0.0000         0.0000       963.3867          -4231.8021       306.0595     -5195.1889     -4229.2872       302.3628          -1113.1940     -1090.2388     23093.5749      -224.4397      -224.5824
ENERGY:   70000         0.0000         0.0000         0.0000         0.0000          -5610.3879       390.2283         0.0000         0.0000       921.1133          -4299.0463       292.6296     -5220.1596     -4296.8382       299.6112           -276.2414      -266.6100     22592.1292      -246.8597      -246.7340
ENERGY:   75000         0.0000         0.0000         0.0000         0.0000          -5634.0953       417.6465         0.0000         0.0000       950.6602          -4265.7885       302.0164     -5216.4487     -4263.4247       296.5196             65.3961        79.6923     22576.2507      -198.7256      -198.5581
ENERGY:   80000         0.0000         0.0000         0.0000         0.0000          -5618.8259       421.9322         0.0000         0.0000       940.9058          -4255.9880       298.9175     -5196.8938     -4252.7324       298.7365            -86.4937       -59.8768     22688.4906      -211.6661      -211.6544
ENERGY:   85000         0.0000         0.0000         0.0000         0.0000          -5665.3518       433.6517         0.0000         0.0000       990.6139          -4241.0862       314.7093     -5231.7001     -4238.9095       300.5511            280.6173       314.5265     22624.6748      -211.9932      -212.0927
ENERGY:   90000         0.0000         0.0000         0.0000         0.0000          -5500.2875       351.2341         0.0000         0.0000       947.8082          -4201.2452       301.1103     -5149.0534     -4199.5719       304.2932           -322.8669      -316.4258     22544.6152      -225.3484      -225.4329
ENERGY:   95000         0.0000         0.0000         0.0000         0.0000          -5528.4590       344.4692         0.0000         0.0000       942.6424          -4241.3474       299.4692     -5183.9898     -4239.3574       305.8252           -498.6984      -478.2938     22649.1633      -201.8795      -201.9600
ENERGY:  100000         0.0000         0.0000         0.0000         0.0000          -5634.6590       402.0045         0.0000         0.0000       914.5665          -4318.0880       290.5498     -5232.6546     -4316.5441       295.7573           -154.9831      -139.2613     22578.7894      -258.9710      -259.0685
ENERGY:  105000         0.0000         0.0000         0.0000         0.0000          -5643.7408       440.7615         0.0000         0.0000       926.0633          -4276.9160       294.2022     -5202.9793     -4274.5012       300.2826            630.1288       644.5917     22601.4069      -236.6048      -236.6256
ENERGY:  110000         0.0000         0.0000         0.0000         0.0000          -5541.3196       396.9316         0.0000         0.0000       966.9941          -4177.3940       307.2055     -5144.3880     -4173.9869       300.6961           -284.0348      -252.9721     22924.2878      -216.1676      -216.1081
ENERGY:  115000         0.0000         0.0000         0.0000         0.0000          -5517.3217       375.0807         0.0000         0.0000       910.5647          -4231.6762       289.2784     -5142.2410     -4229.6673       304.8270            -12.2866        15.8117     22430.0333      -131.5905      -131.6314
ENERGY:  120000         0.0000         0.0000         0.0000         0.0000          -5529.3936       375.9238         0.0000         0.0000       940.1921          -4213.2777       298.6908     -5153.4698     -4211.4163       298.3495           -246.4352      -219.1475     22708.1812      -211.3182      -211.2963
ENERGY:  125000         0.0000         0.0000         0.0000         0.0000          -5651.7928       432.0907         0.0000         0.0000       917.1020          -4302.6001       291.3552     -5219.7021     -4300.1815       298.2851            220.5716       245.8942     22744.9157      -239.0698      -239.0491
ENERGY:  130000         0.0000         0.0000         0.0000         0.0000          -5608.2150       404.2461         0.0000         0.0000       946.0048          -4257.9640       300.5374     -5203.9689     -4256.3178       296.1912            168.1431       180.7975     22612.8992      -208.1118      -208.1241
ENERGY:  135000         0.0000         0.0000         0.0000         0.0000          -5550.9526       366.0559         0.0000         0.0000       917.2276          -4267.6691       291.3951     -5184.8967     -4265.6895       297.2184           -700.6675      -682.8060     23024.2381      -222.2905      -222.2805
ENERGY:  140000         0.0000         0.0000         0.0000         0.0000          -5632.1432       384.5217         0.0000         0.0000       934.1260          -4313.4955       296.7636     -5247.6215     -4312.8997       301.0452           -608.3476      -588.9506     22690.4593      -178.9256      -178.8666
ENERGY:  145000         0.0000         0.0000         0.0000         0.0000          -5538.3350       361.0526         0.0000         0.0000       943.3207          -4233.9617       299.6847     -5177.2824     -4231.4823       299.1189           -350.7109      -321.1109     22591.0992      -185.0115      -185.0141
ENERGY:  150000         0.0000         0.0000         0.0000         0.0000          -5591.4886       388.9895         0.0000         0.0000       902.6667          -4299.8324       286.7693     -5202.4991     -4298.4810       301.8505           -534.4494      -511.8021     22929.8805      -281.4295      -281.4207
ENERGY:  155000         0.0000         0.0000         0.0000         0.0000          -5571.9229       362.9273         0.0000         0.0000       925.0003          -4283.9953       293.8645     -5208.9956     -4281.9447       298.9464           -563.8266      -541.1483     22550.5721      -222.3277      -222.2199
ENERGY:  160000         0.0000         0.0000         0.0000         0.0000          -5604.7029       377.8466         0.0000         0.0000       912.3423          -4314.5140       289.8431     -5226.8563     -4312.6525       295.0761           -539.2664      -519.1878     22661.6877      -315.7282      -315.6376
ENERGY:  165000         0.0000         0.0000         0.0000         0.0000          -5639.9865       402.8347         0.0000         0.0000       935.3133          -4301.8386       297.1408     -5237.1519     -4299.4738       296.3276           -219.7602      -200.1810     22685.4953      -229.7360      -229.8577
ENERGY:  170000         0.0000         0.0000         0.0000         0.0000          -5663.8324       434.2725         0.0000         0.0000       944.0874          -4285.4726       299.9283     -5229.5600     -4283.4387       300.0407            385.3685       411.8399     22695.5584      -232.0474      -231.9200
ENERGY:  175000         0.0000         0.0000         0.0000         0.0000          -5586.7664       398.3675         0.0000         0.0000       978.0925          -4210.3063       310.7314     -5188.3988     -4209.0239       300.2510           -431.7263      -410.0933     22995.6352      -217.5193      -217.6219
ENERGY:  180000         0.0000         0.0000         0.0000         0.0000          -5580.3178       365.9410         0.0000         0.0000       919.8223          -4294.5545       292.2195     -5214.3768     -4292.4953       302.3300           -349.1595      -347.6550     22554.6770      -194.0132      -194.0801
ENERGY:  185000         0.0000         0.0000         0.0000         0.0000          -5574.3816       345.3657         0.0000         0.0000       914.3597          -4314.6562       290.4840     -5229.0159     -4313.2526       299.4852           -774.3400      -761.0739     22562.5932      -231.8217      -231.7409
ENERGY:  190000         0.0000         0.0000         0.0000         0.0000          -5630.5115       458.3523         0.0000         0.0000       964.7234          -4207.4358       306.4842     -5172.1592     -4205.2397       301.8860            695.2360       716.3772     22576.2770      -237.7495      -237.8349
ENERGY:  195000         0.0000         0.0000         0.0000         0.0000          -5616.8105       381.3366         0.0000         0.0000       962.6377          -4272.8363       305.8215     -5235.4740     -4269.9840       303.9773           -460.7526      -442.7107     22797.7297      -221.0051      -221.1188
ENERGY:  200000         0.0000         0.0000         0.0000         0.0000          -5587.8423       368.6683         0.0000         0.0000       925.0549          -4294.1191       293.8818     -5219.1739     -4291.6718       297.8655           -375.3946      -368.6460     22696.3062      -240.1144      -240.2613
ENERGY:  205000         0.0000         0.0000         0.0000         0.0000          -5623.1195       444.3917         0.0000         0.0000       925.6776          -4253.0503       294.0796     -5178.7278     -4251.3238       300.8972            123.1473       155.3617     23093.9153      -274.3046      -274.2588
ENERGY:  210000         0.0000         0.0000         0.0000         0.0000          -5686.5753       418.1835         0.0000         0.0000       950.6532          -4317.7385       302.0142     -5268.3918     -4315.6291       300.1664           -130.6557      -115.5342     22636.5063      -257.8219      -257.9150
ENERGY:  215000         0.0000         0.0000         0.0000         0.0000          -5590.8150       412.6145         0.0000         0.0000       922.7041          -4255.4963       293.1350     -5178.2004     -4253.7692       295.4009            338.3960       345.5165     22622.4716      -220.3387      -220.3197
ENERGY:  220000         0.0000         0.0000         0.0000         0.0000          -5571.1466       349.6787         0.0000         0.0000       932.6149          -4288.8529       296.2836     -5221.4678     -4285.3510       301.5187           -729.5744      -701.8399     22503.8490      -242.9272      -242.8063
ENERGY:  225000         0.0000         0.0000         0.0000         0.0000          -5605.4283       395.7561         0.0000         0.0000       987.9936          -4221.6786       313.8769     -5209.6722     -4219.2646       300.8843            -25.9671       -11.2561     22683.8786      -199.7413      -199.8067
ENERGY:  230000         0.0000         0.0000         0.0000         0.0000          -5500.2080       334.7082         0.0000         0.0000       958.8641          -4206.6357       304.6227     -5165.4998     -4205.3164       302.6671           -475.2403      -450.1154     22781.6239      -217.2176      -217.2097
ENERGY:  235000         0.0000         0.0000         0.0000         0.0000          -5579.1940       372.9023         0.0000         0.0000       937.1320          -4269.1597       297.7186     -5206.2917     -4266.4638       301.5457           -474.9027      -458.5799     22756.2057      -195.2342      -195.1118
ENERGY:  240000         0.0000         0.0000         0.0000         0.0000          -5608.4502       395.5132         0.0000         0.0000       933.4275          -4279.5094       296.5417     -5212.9369     -4277.8675       300.8473           -291.2023      -267.4531     22908.7863      -273.2738      -273.3602
ENERGY:  245000         0.0000         0.0000         0.0000         0.0000          -5583.9988       354.9375         0.0000         0.0000       954.4074          -4274.6540       303.2068     -5229.0614     -4271.7723       296.8171           -487.7844      -470.2370     22685.9674      -229.9675      -229.7149
ENERGY:  250000         0.0000         0.0000         0.0000         0.0000          -5645.6937       419.6135         0.0000         0.0000       984.6274          -4241.4529       312.8075     -5226.0802     -4240.3496       298.3455           -248.3253      -238.1791     22997.8496      -230.2945      -230.1895
ENERGY:  255000         0.0000         0.0000         0.0000         0.0000          -5557.1828       347.3102         0.0000         0.0000       944.0239          -4265.8487       299.9081     -5209.8726     -4263.8424       299.4090           -990.9250      -986.1214     22865.8411      -180.4438      -180.4452
ENERGY:  260000         0.0000         0.0000         0.0000         0.0000          -5647.3441       403.5839         0.0000         0.0000       921.1979          -4322.5623       292.6565     -5243.7602     -4320.8477       294.7676            109.4376       127.5591     22526.9552      -241.3589      -241.2610
ENERGY:  265000         0.0000         0.0000         0.0000         0.0000          -5576.9565       371.5401         0.0000         0.0000       952.2088          -4253.2076       302.5084     -5205.4164     -4250.2819       298.2351            -22.3106        -7.4773     22507.8106      -211.1124      -211.0415
ENERGY:  270000         0.0000         0.0000         0.0000         0.0000          -5559.8432       379.2033         0.0000         0.0000       987.5175          -4193.1224       313.7257     -5180.6399     -4189.9092       305.0801           -324.1515      -303.5900     23033.0045      -239.9311      -239.8504
ENERGY:  275000         0.0000         0.0000         0.0000         0.0000          -5617.8912       375.2502         0.0000         0.0000       982.1379          -4260.5031       312.0166     -5242.6410     -4259.0094       301.3934            -19.2767        -9.6977     22268.0665      -159.1744      -159.1007
ENERGY:  280000         0.0000         0.0000         0.0000         0.0000          -5607.6915       409.1923         0.0000         0.0000       949.9739          -4248.5253       301.7984     -5198.4992     -4246.8699       298.1207            -66.8446       -42.2710     22848.5891      -238.2895      -238.4095
ENERGY:  285000         0.0000         0.0000         0.0000         0.0000          -5577.7719       392.6789         0.0000         0.0000       952.8223          -4232.2707       302.7033     -5185.0930     -4229.9066       301.4919           -187.2885      -161.1078     22801.9759      -300.0716      -300.0483
ENERGY:  290000         0.0000         0.0000         0.0000         0.0000          -5609.9551       398.8071         0.0000         0.0000       950.0664          -4261.0816       301.8278     -5211.1480     -4260.9668       302.2078           -457.9818      -446.5095     22888.5663      -243.0607      -243.0713
ENERGY:  295000         0.0000         0.0000         0.0000         0.0000          -5681.0771       411.1346         0.0000         0.0000      1015.5371          -4254.4055       322.6272     -5269.9425     -4252.3409       298.2719             69.4072        84.1497     22514.4064      -151.4468      -151.5807
ENERGY:  300000         0.0000         0.0000         0.0000         0.0000          -5597.5117       382.0374         0.0000         0.0000       949.5809          -4265.8934       301.6735     -5215.4743     -4262.4702       297.9502           -175.2392      -151.9644     22443.4010      -270.8691      -270.7629
ENERGY:  305000         0.0000         0.0000         0.0000         0.0000          -5545.5792       399.9111         0.0000         0.0000       914.5047          -4231.1634       290.5301     -5145.6680     -4229.4827       298.1333              9.2073        20.7201     22769.2194      -155.5600      -155.6959
ENERGY:  310000         0.0000         0.0000         0.0000         0.0000          -5583.3361       420.1833         0.0000         0.0000       957.1427          -4206.0101       304.0758     -5163.1528     -4204.0768       304.3938           -253.6419      -227.2812     22829.7631      -219.0732      -219.1029
ENERGY:  315000         0.0000         0.0000         0.0000         0.0000          -5656.9266       438.7617         0.0000         0.0000       955.9049          -4262.2600       303.6826     -5218.1649     -4258.6596       300.3656            464.9120       488.7599     22636.3069      -264.7203      -264.6425
ENERGY:  320000         0.0000         0.0000         0.0000         0.0000          -5612.6965       383.3781         0.0000         0.0000       952.9650          -4276.3534       302.7486     -5229.3183     -4275.2263       299.2304           -757.1194      -738.3717     23106.0971      -198.0162      -198.0055
ENERGY:  325000         0.0000         0.0000         0.0000         0.0000          -5710.1042       431.8657         0.0000         0.0000       947.1242          -4331.1144       300.8930     -5278.2386     -4329.6159       299.0968            197.5958       237.7819     22564.9237      -237.2561      -237.2733
ENERGY:  330000         0.0000         0.0000         0.0000         0.0000          -5609.9697       393.4445         0.0000         0.0000       917.1562          -4299.3690       291.3725     -5216.5252     -4296.8188       293.1987            117.2103       136.7556     22526.5260      -227.5293      -227.5334
ENERGY:  335000         0.0000         0.0000         0.0000         0.0000          -5655.5016       395.7569         0.0000         0.0000       960.7552          -4298.9895       305.2235     -5259.7447     -4296.5501       295.4236           -121.4834      -115.9064     22503.8436      -227.3879      -227.2416
ENERGY:  340000         0.0000         0.0000         0.0000         0.0000          -5660.0346       433.5336         0.0000         0.0000       919.4914          -4307.0095       292.1143     -5226.5009     -4304.3627       295.3104            173.4862       182.2768     22525.1471      -188.2896      -188.2914
ENERGY:  345000         0.0000         0.0000         0.0000         0.0000          -5701.1687       452.4612         0.0000         0.0000       952.5386          -4296.1689       302.6131     -5248.7075     -4294.7076       298.1359            247.7597       270.9953     22734.9473      -275.7315      -275.9335
ENERGY:  350000         0.0000         0.0000         0.0000         0.0000          -5516.4239       348.0503         0.0000         0.0000       979.4417          -4188.9320       311.1600     -5168.3737     -4185.6251       297.1367           -612.5897      -589.4958     22626.3663      -167.3021      -167.2865
ENERGY:  355000         0.0000         0.0000         0.0000         0.0000          -5626.4108       402.6506         0.0000         0.0000       963.8999          -4259.8603       306.2225     -5223.7602     -4258.5595       298.2174            254.2581       259.3604     22418.3210      -184.5798      -184.4622
ENERGY:  360000         0.0000         0.0000         0.0000         0.0000          -5637.8789       416.5318         0.0000         0.0000       930.3976          -4290.9494       295.5792     -5221.3470     -4287.8384       299.7513           -139.7439      -127.4856     23019.4372      -203.1005      -203.0803
ENERGY:  365000         0.0000         0.0000         0.0000         0.0000          -5623.3191       394.7465         0.0000         0.0000       895.2616          -4333.3110       284.4167     -5228.5726     -4330.1928       297.3776            -34.1697       -24.7486     22420.7931      -205.6134      -205.5383
ENERGY:  370000         0.0000         0.0000         0.0000         0.0000          -5560.5861       363.8788         0.0000         0.0000       924.6218          -4272.0855       293.7442     -5196.7074     -4270.5339       293.7443           -648.4999      -633.4492     22821.0811      -210.9330      -211.0292
ENERGY:  375000         0.0000         0.0000         0.0000         0.0000          -5564.1741       394.7737         0.0000         0.0000       958.2904          -4211.1100       304.4405     -5169.4005     -4208.4779       301.9995            123.4388       130.5361     22918.6017      -303.3820      -303.4359
ENERGY:  380000         0.0000         0.0000         0.0000         0.0000          -5582.9659       334.9295         0.0000         0.0000       887.9743          -4360.0622       282.1016     -5248.0364     -4358.6467       297.7073          -1066.7156     -1050.3876     22720.4931      -227.3963      -227.3597
ENERGY:  385000         0.0000         0.0000         0.0000         0.0000          -5606.0707       378.0619         0.0000         0.0000       917.5751          -4310.4337       291.5056     -5228.0088     -4307.6383       292.9857           -498.8664      -490.3662     22408.2193      -182.7813      -182.8464
ENERGY:  390000         0.0000         0.0000         0.0000         0.0000          -5527.6580       341.1133         0.0000         0.0000       956.1733          -4230.3713       303.7679     -5186.5446     -4228.4044       295.9385           -791.7377      -777.8062     22691.3932      -182.9221      -183.0013
ENERGY:  395000         0.0000         0.0000         0.0000         0.0000          -5615.7279       415.0635         0.0000         0.0000       927.3018          -4273.3626       294.5956     -5200.6644     -4271.5354       299.4282           -236.0967      -219.2715     22902.6279      -221.3902      -221.3517
ENERGY:  400000         0.0000         0.0000         0.0000         0.0000          -5640.3481       429.2045         0.0000         0.0000       912.2031          -4298.9404       289.7989     -5211.1435     -4296.9983       294.2082           -164.0236      -137.9124     22904.3472      -260.3642      -260.5079
ENERGY:  405000         0.0000         0.0000         0.0000         0.0000          -5637.5929       404.4527         0.0000         0.0000       911.5420          -4321.5983       289.5889     -5233.1402     -4320.1051       294.8188            -62.1324       -41.4921     22576.9364      -212.1262      -212.2748
ENERGY:  410000         0.0000         0.0000         0.0000         0.0000          -5533.3738       390.0407         0.0000         0.0000       911.0336          -4232.2995       289.4274     -5143.3331     -4229.1243       300.1988           -639.0644      -626.9881     23313.8758      -211.0752      -211.0728
ENERGY:  415000         0.0000         0.0000         0.0000         0.0000          -5527.5083       355.7679         0.0000         0.0000       917.6343          -4254.1061       291.5244     -5171.7404     -4251.2627       296.9848           -392.2404      -378.3323     22486.6796      -181.0961      -181.0326
ENERGY:  420000         0.0000         0.0000         0.0000         0.0000          -5592.9018       413.9567         0.0000         0.0000       989.7815          -4189.1636       314.4449     -5178.9451     -4187.1572       307.9640            369.2313       383.7544     22439.4515       -56.8024       -56.7765
ENERGY:  425000         0.0000         0.0000         0.0000         0.0000          -5619.0422       403.4479         0.0000         0.0000       960.9754          -4254.6189       305.2935     -5215.5943     -4253.1378       303.1108           -124.8340      -106.2357     22759.0968      -223.4778      -223.5208
ENERGY:  430000         0.0000         0.0000         0.0000         0.0000          -5654.7706       389.1989         0.0000         0.0000       913.3815          -4352.1902       290.1733     -5265.5717     -4350.2033       292.9161           -456.5661      -432.9374     22499.7032      -261.8506      -261.6780
ENERGY:  435000         0.0000         0.0000         0.0000         0.0000          -5497.8291       363.8946         0.0000         0.0000       896.7201          -4237.2144       284.8801     -5133.9345     -4234.5772       295.7853           -438.7970      -420.5331     22857.4074      -220.6545      -220.6552
ENERGY:  440000         0.0000         0.0000         0.0000         0.0000          -5601.8902       412.0814         0.0000         0.0000       957.6733          -4232.1355       304.2444     -5189.8088     -4231.2496       306.2044            223.5039       241.3031     22627.3696      -161.8070      -161.8194
ENERGY:  445000         0.0000         0.0000         0.0000         0.0000          -5591.7965       415.0314         0.0000         0.0000       913.7704          -4262.9947       290.2968     -5176.7651     -4260.7346       300.0042            -25.0447        -1.7443     22852.2434      -213.4505      -213.4351
ENERGY:  450000         0.0000         0.0000         0.0000         0.0000          -5612.6554       384.7309         0.0000         0.0000       966.5995          -4261.3250       307.0802     -5227.9245     -4259.2965       301.0938           -289.3286      -274.4592     22444.1922      -195.2113      -195.3017
ENERGY:  455000         0.0000         0.0000         0.0000         0.0000          -5566.6490       349.3864         0.0000         0.0000       929.2501          -4288.0124       295.2146     -5217.2626     -4287.4152       296.6031           -837.5793      -816.3236     22659.1237      -162.3471      -162.1832
ENERGY:  460000         0.0000         0.0000         0.0000         0.0000          -5568.6463       381.2228         0.0000         0.0000       942.4818          -4244.9417       299.4182     -5187.4236     -4242.7623       296.9427           -659.6620      -633.6779     23284.0906      -233.2188      -233.0438
ENERGY:  465000         0.0000         0.0000         0.0000         0.0000          -5637.5211       397.1236         0.0000         0.0000       957.6859          -4282.7116       304.2484     -5240.3975     -4280.8663       297.1471           -328.5686      -307.1819     22682.1151      -219.3046      -219.2610
ENERGY:  470000         0.0000         0.0000         0.0000         0.0000          -5576.5220       406.9702         0.0000         0.0000       929.2619          -4240.2899       295.2183     -5169.5518     -4237.5633       300.7982             84.5508       112.2422     22860.1769      -219.7482      -219.7568
ENERGY:  475000         0.0000         0.0000         0.0000         0.0000          -5599.5067       433.6708         0.0000         0.0000       963.7516          -4202.0843       306.1754     -5165.8359     -4199.7548       306.1370            394.8993       407.1801     22863.9089      -303.5540      -303.5833
ENERGY:  480000         0.0000         0.0000         0.0000         0.0000          -5578.7252       386.6837         0.0000         0.0000       922.4390          -4269.6025       293.0508     -5192.0415     -4267.6234       298.8622           -137.0903      -125.6159     22889.3496      -251.9324      -251.8036
ENERGY:  485000         0.0000         0.0000         0.0000         0.0000          -5647.4521       417.0627         0.0000         0.0000       945.4425          -4284.9470       300.3588     -5230.3895     -4283.1758       298.0018            323.4007       339.0842     22279.3215      -162.7111      -162.9048
ENERGY:  490000         0.0000         0.0000         0.0000         0.0000          -5591.0890       378.9575         0.0000         0.0000       965.9492          -4246.1824       306.8736     -5212.1315     -4243.8432       301.8788           -438.8711      -411.7157     22655.1812      -255.8671      -256.1348
ENERGY:  495000         0.0000         0.0000         0.0000         0.0000          -5534.7020       366.4333         0.0000         0.0000       964.0804          -4204.1883       306.2799     -5168.2687     -4201.0175       300.6129           -652.6704      -635.3187     23079.4388      -176.5164      -176.4734
ENERGY:  500000         0.0000         0.0000         0.0000         0.0000          -5546.9074       385.6668         0.0000         0.0000       928.7527          -4232.4879       295.0566     -5161.2406     -4230.1935       300.9375             -8.3104        -4.0531     22681.5481      -218.9028      -218.6817
